              precision    recall  f1-score   support

           1       0.62      0.51      0.56     31322
           2       0.53      0.90      0.67     33924
           4       0.98      0.85      0.91     10809
           5       1.00      1.00      1.00      6020
           6       0.00      0.00      0.00      4279
           7       0.00      0.00      0.00      4224
           8       0.00      0.00      0.00      3944
           9       0.00      0.00      0.00      3906

    accuracy                           0.63     98428
   macro avg       0.39      0.41      0.39     98428
weighted avg       0.55      0.63      0.57     98428
