              precision    recall  f1-score   support

           1       0.72      0.29      0.41     31322
           2       0.54      0.92      0.68     33924
           4       0.97      0.88      0.92     10809
           5       1.00      1.00      1.00      6020
           6       0.60      0.37      0.46      4279
           7       0.58      0.42      0.49      4224
           8       0.60      0.45      0.51      3944
           9       0.61      0.50      0.55      3906

    accuracy                           0.64     98428
   macro avg       0.70      0.60      0.63     98428
weighted avg       0.68      0.64      0.61     98428
